1 40.71 -74.01 8405837
2 34.05 -118.24 3884307
3 41.88 -87.63 2718782
4 29.76 -95.37 2195914
5 39.95 -75.17 1553165
6 33.45 -112.07 1513367
7 29.42 -98.49 1409019
8 32.72 -117.16 1355896
9 32.78 -96.80 1257676
10 37.34 -121.89 998537
11 30.27 -97.74 885400
12 39.77 -86.16 843393
13 30.33 -81.66 842583
14 37.77 -122.42 837442
15 39.96 -83.00 822553
16 35.23 -80.84 792862
17 32.76 -97.33 792727
18 42.33 -83.05 688701
19 31.78 -106.44 674433
20 35.15 -90.05 653450
21 47.61 -122.33 652405
22 39.74 -104.99 649495
23 38.91 -77.04 646449
24 42.36 -71.06 645966
25 36.16 -86.78 634464
26 39.29 -76.61 622104
27 35.47 -97.52 610613
28 38.25 -85.76 609893
29 45.52 -122.68 609456
30 36.17 -115.14 603488
31 43.04 -87.91 599164
32 35.09 -106.61 556495
33 32.22 -110.93 526116
34 36.75 -119.77 509924
35 38.58 -121.49 479686
36 33.77 -118.19 469428
37 39.10 -94.58 467007
38 33.42 -111.83 457587
39 36.85 -75.98 448479
40 33.75 -84.39 447841
41 38.83 -104.82 439886
42 41.25 -96.00 434353
43 35.78 -78.64 431746
44 25.76 -80.19 417650
45 37.80 -122.27 406253
46 44.98 -93.27 400070
47 36.15 -95.99 398121
48 41.50 -81.69 390113
49 37.69 -97.34 386552
50 32.74 -97.11 379577
51 29.95 -90.07 378715
52 35.37 -119.02 363630
53 27.95 -82.46 352957
54 21.31 -157.86 347884
55 39.73 -104.83 345803
56 33.84 -117.91 345012
57 33.75 -117.87 334227
58 38.63 -90.20 318416
59 33.95 -117.40 316619
60 27.80 -97.40 316381
61 38.04 -84.50 308428
62 40.44 -80.00 305841
63 61.22 -149.90 300950
64 37.96 -121.29 298118
65 39.10 -84.51 297517
66 44.95 -93.09 294873
67 41.66 -83.56 282313
68 36.07 -79.79 279639
69 40.74 -74.17 278427
70 33.02 -96.70 274409
71 36.04 -114.98 270811
72 40.83 -96.69 268738
73 42.89 -78.88 258959
74 40.73 -74.08 257342
75 32.64 -117.08 256780
76 41.08 -85.14 256496
77 28.54 -81.38 255483
78 27.77 -82.64 249688
79 33.31 -111.84 249146
80 27.53 -99.48 248142
81 36.85 -76.29 246139
82 35.99 -78.90 245475
83 43.07 -89.40 243344
84 33.58 -101.86 239538
85 33.68 -117.79 236716
86 36.10 -80.24 236441
87 33.54 -112.19 234632
88 32.91 -96.64 234566
89 25.86 -80.28 233394
90 39.53 -119.81 233294
91 36.77 -76.29 230571
92 33.35 -111.79 229972
93 30.46 -91.14 229426
94 32.81 -96.95 228653
95 33.49 -111.93 226918
96 36.20 -115.12 226877
97 37.55 -121.99 224922
98 43.62 -116.21 214237
99 37.54 -77.44 214114
100 34.11 -117.29 213708
101 33.52 -86.80 212113
102 47.66 -117.43 210721
103 43.16 -77.61 210358
104 41.60 -93.61 207510
105 37.64 -121.00 204933
106 35.05 -78.88 204408
107 47.25 -122.44 203446
108 34.20 -119.18 203007
109 34.09 -117.44 203003
110 32.46 -84.99 202824
111 32.37 -86.30 201332
112 33.94 -117.23 201175
113 32.53 -93.75 200327
114 41.76 -88.32 199963
115 40.93 -73.90 199766
116 41.08 -81.52 198100
117 33.66 -118.00 197575
118 34.75 -92.29 197357
119 33.47 -82.01 197350
120 35.22 -101.83 196429
121 34.14 -118.26 196021
122 30.70 -88.04 194899
123 42.96 -85.67 192294
124 40.76 -111.89 191180
125 30.44 -84.28 186411
126 34.73 -86.59 186254
127 32.75 -97.00 183372
128 35.96 -83.92 183270
129 42.26 -71.80 182544
130 37.09 -76.47 182020
131 25.90 -97.50 181860
132 38.98 -94.67 181260
133 34.39 -118.54 179590
134 41.82 -71.41 177994
135 33.77 -117.94 175140
136 35.05 -85.31 173366
137 33.20 -117.38 172794
138 32.30 -90.18 172638
139 26.12 -80.14 172389
140 38.44 -122.71 171990
141 34.11 -117.59 171386
142 27.27 -80.36 171016
143 33.43 -111.94 168228
144 34.06 -117.65 167500
145 45.64 -122.66 167405
146 26.56 -81.95 165831
147 43.54 -96.73 164676
148 37.21 -93.29 164122
149 33.58 -112.24 162592
150 26.01 -80.30 162329
151 38.41 -121.37 161007
152 44.94 -123.04 160614
153 34.69 -118.15 159523
154 33.88 -117.57 159503
155 44.05 -123.09 159190
156 34.58 -118.12 157161
157 36.68 -121.66 155662
158 42.10 -72.59 153703
159 29.69 -95.21 152735
160 40.59 -105.08 152061
161 37.67 -122.08 151574
162 34.06 -117.75 151348
163 35.79 -78.78 151088
164 42.27 -89.09 150251
165 38.80 -77.05 148892
166 33.12 -117.09 148738
167 33.20 -96.64 148559
168 39.11 -94.63 148483
169 41.53 -88.08 147806
170 37.37 -122.04 147559
171 33.84 -118.34 147478
172 41.19 -73.20 147216
173 39.70 -105.08 147214
174 26.01 -80.15 146526
175 40.92 -74.17 145948
176 41.75 -88.15 144864
177 43.05 -76.15 144669
178 32.77 -96.60 143484
179 39.76 -84.19 143355
180 32.08 -81.10 142772
181 36.53 -87.36 142357
182 33.79 -117.85 139969
183 34.15 -118.14 139731
184 33.87 -117.92 138981
185 31.12 -97.73 137147
186 33.15 -96.82 136791
187 37.03 -76.35 136699
188 26.20 -98.23 136639
189 42.51 -83.01 134873
190 47.61 -122.20 133992
191 40.69 -112.00 133579
192 34.00 -81.03 133358
193 38.88 -94.82 131885
194 42.58 -83.03 131224
195 41.31 -72.93 130660
196 25.99 -80.30 130288
197 31.55 -97.15 129030
198 34.17 -118.84 128731
199 41.98 -91.67 128429
200 32.78 -79.93 127999
201 36.33 -119.29 127763
202 39.06 -95.69 127679
203 40.66 -74.21 127558
204 29.65 -82.32 127488
205 39.87 -104.97 127359
206 38.75 -121.29 127035
207 32.98 -96.89 126700
208 26.27 -80.27 126604
209 41.05 -73.54 126456
210 34.27 -118.78 126181
211 37.98 -122.03 125880
212 41.76 -72.69 125017
213 47.38 -122.23 124435
214 30.22 -92.02 124276
215 32.00 -102.08 123933
216 33.63 -112.37 123546
217 33.21 -97.13 123099
218 34.54 -117.29 121096
219 37.97 -87.57 120310
220 37.35 -121.96 120245
221 32.45 -99.73 120099
222 33.95 -83.36 119980
223 38.10 -122.26 118837
224 40.61 -75.49 118577
225 35.22 -97.44 118197
226 30.08 -94.13 117796
227 39.09 -94.42 117240
228 35.85 -86.39 117044
229 42.28 -83.74 117025
230 39.78 -89.65 117006
231 37.87 -122.27 116768
232 40.69 -89.59 116513
233 40.23 -111.66 116288
234 34.07 -118.03 115708
235 38.95 -92.33 115276
236 42.73 -84.56 113972
237 46.88 -96.79 113658
238 33.94 -118.13 113242
239 33.64 -117.92 112174
240 34.23 -77.94 112067
241 39.80 -105.09 111707
242 33.96 -118.35 111542
243 25.94 -80.25 111378
244 33.16 -117.35 110972
245 39.84 -105.04 110945
246 44.01 -92.48 110742
247 31.85 -102.37 110720
248 43.00 -71.45 110378
249 42.04 -88.28 110145
250 40.61 -111.94 110077
251 30.51 -97.68 109821
252 27.97 -82.80 109703
253 41.56 -73.05 109676
254 45.50 -122.43 109397
255 38.25 -122.04 109320
256 45.78 -108.50 109059
257 42.63 -71.32 108861
258 34.27 -119.23 108817
259 38.25 -104.61 108249
260 35.96 -80.01 107741
261 34.07 -117.94 107740
262 37.94 -122.35 107571
263 33.55 -117.21 107479
264 42.37 -71.11 107289
265 38.00 -121.81 107100
266 33.49 -117.15 106780
267 33.90 -118.08 106589
268 39.58 -104.88 106114
269 47.98 -122.20 105370
270 28.03 -80.59 104898
271 33.91 -98.49 104898
272 44.52 -88.02 104779
273 37.69 -122.47 104739
274 34.18 -118.31 104709
275 32.95 -96.73 104475
276 26.24 -80.12 104410
277 32.85 -79.97 104054
278 36.06 -95.80 103500
279 40.01 -105.27 103166
280 26.72 -80.05 102436
281 34.95 -120.44 102216
282 32.79 -116.96 102211
283 41.52 -90.58 102157
284 34.11 -117.37 101910
285 32.32 -106.76 101324
286 37.56 -122.33 101128
287 33.05 -96.99 101074
288 41.68 -86.25 100886
289 28.04 -81.95 100710
290 42.13 -80.09 100671
291 32.35 -95.30 100223
292 29.56 -95.29 100065
293 30.63 -96.33 100050
294 42.58 -87.82 99889
295 33.93 -84.37 99770
296 36.83 -119.70 99769
297 43.01 -83.69 99763
298 37.27 -79.94 98465
299 42.65 -73.76 98424
300 34.00 -117.49 98030
301 33.90 -118.22 97877
302 31.46 -100.44 97492
303 45.52 -122.99 97368
304 34.60 -98.40 97151
305 47.48 -122.22 97003
306 33.20 -117.24 96929
307 26.08 -80.25 96830
308 40.42 -104.71 96539
309 33.60 -117.67 96346
310 36.84 -76.30 96205
311 42.32 -83.18 95884
312 33.95 -118.21 95677
313 33.21 -87.57 95334
314 42.37 -83.35 95208
315 41.64 -70.93 95078
316 38.36 -121.99 94275
317 42.08 -71.02 94089
318 34.02 -84.36 94034
319 45.49 -122.80 93542
320 42.25 -71.00 93494
321 39.53 -119.75 93282
322 46.60 -120.51 93257
323 38.91 -94.38 93184
324 47.32 -122.31 92734
325 33.83 -118.28 92599
326 34.02 -118.49 92472
327 34.43 -117.30 92147
328 33.10 -96.67 92020
329 35.23 -106.66 91956
330 32.69 -114.63 91923
331 33.75 -117.99 91739
332 40.30 -111.69 91648
333 42.47 -70.95 91589
334 40.59 -122.39 91119
335 47.67 -117.24 91113
336 25.79 -80.13 91026
337 29.51 -95.09 90983
338 38.97 -95.24 90811
339 34.42 -119.70 90412
340 26.13 -80.23 90268
341 40.56 -111.84 90231
342 26.17 -80.26 90116
343 32.84 -83.63 89981
344 40.17 -105.10 89919
345 26.37 -80.13 89407
346 33.14 -117.17 89387
347 35.61 -77.37 89130
348 42.36 -87.84 88826
349 41.70 -71.16 88697
350 39.73 -121.84 88077
351 42.34 -71.21 87971
352 37.72 -122.16 87965
353 40.34 -75.93 87893
354 41.12 -73.41 87776
355 35.39 -94.40 87650
356 33.62 -117.93 87273
357 35.60 -82.55 87236
358 42.77 -71.47 87137
359 35.65 -97.48 87004
360 33.98 -118.03 86635
361 43.54 -116.56 86518
362 44.84 -93.30 86319
363 28.90 -81.26 86290
364 33.92 -118.35 86199
365 46.79 -92.10 86128
366 39.98 -86.12 85927
367 36.73 -76.58 85728
368 40.86 -74.16 85390
369 38.71 -121.28 85285
370 37.68 -121.77 85156
371 37.74 -121.43 84691
372 34.10 -118.13 84577
373 47.68 -122.21 84430
374 40.22 -74.74 84349
375 41.22 -111.97 84249
376 33.41 -86.81 84126
377 41.85 -87.75 84103
378 39.96 -86.01 83891
379 29.62 -95.63 83860
380 41.39 -73.45 83684
381 43.61 -116.39 83596
382 33.72 -116.22 83539
383 35.41 -80.58 83506
384 33.70 -117.19 83447
385 40.12 -88.24 83424
386 33.87 -118.00 82882
387 42.61 -83.15 82821
388 38.81 -90.70 82809
389 34.03 -84.20 82788
390 48.75 -122.48 82631
391 42.32 -83.40 82578
392 39.17 -86.53 82575
393 42.50 -96.40 82459
394 41.70 -71.42 81971
395 33.75 -116.97 81750
396 32.50 -94.74 81443
397 42.50 -83.37 81295
398 44.06 -121.32 81236
399 33.85 -118.13 81121
400 37.30 -120.48 81102
401 26.22 -98.33 81050
402 34.01 -117.69 80988
403 37.49 -122.24 80872
404 26.30 -98.16 80836
405 41.78 -71.44 80566
406 41.40 -81.72 80429
407 40.91 -73.78 79446
408 33.65 -117.69 79312
409 38.30 -122.29 79068
410 41.58 -87.50 78967
411 36.06 -94.16 78960
412 40.48 -88.99 78902
413 33.44 -112.35 78822
414 42.39 -71.10 78804
415 29.58 -81.21 78740
416 30.67 -96.37 78709
417 41.59 -87.35 78450
418 27.91 -82.79 78409
419 45.09 -93.36 78373
420 33.75 -117.83 78327
421 42.73 -87.78 78199
422 26.32 -80.10 78041
423 37.41 -79.14 78014
424 37.39 -122.08 77846
425 42.33 -122.88 77677
426 42.71 -71.16 77657
427 33.88 -118.12 77593
428 28.08 -80.61 77508
429 39.77 -94.85 77147
430 39.93 -75.12 76903
431 37.10 -113.57 76817
432 46.21 -119.14 76762
433 34.09 -117.96 76635
434 33.99 -117.73 76572
435 37.77 -122.24 76419
436 31.58 -84.16 76185
437 42.09 -87.98 75994
438 41.41 -75.66 75806
439 42.05 -87.69 75570
440 42.29 -85.59 75548
441 29.74 -94.98 75418
442 34.10 -117.65 75413
443 36.19 -94.13 75229
444 40.63 -75.37 75018
445 42.03 -88.08 74907
446 32.83 -79.83 74885
447 47.31 -122.23 74860
448 39.84 -88.95 74710
449 37.78 -121.98 74513
450 37.66 -121.87 74110
451 42.91 -85.71 74100
452 30.23 -93.22 74024
453 45.01 -93.46 73987
454 41.70 -88.07 73936
455 26.19 -98.18 73790
456 44.26 -88.42 73596
457 35.26 -81.19 73209
458 38.68 -121.18 73098
459 42.47 -83.22 73006
460 42.66 -83.15 72952
461 41.66 -72.78 72939
462 33.44 -112.36 72864
463 40.80 -81.38 72535
464 32.61 -83.62 72531
465 37.59 -122.04 72528
466 33.78 -117.23 72326
467 37.80 -121.22 71948
468 41.66 -91.53 71591
469 35.84 -90.70 71551
470 39.74 -75.54 71525
471 33.93 -118.21 71371
472 40.40 -105.07 71334
473 41.88 -71.38 71172
474 26.53 -80.09 71097
475 43.01 -88.23 71016
476 30.37 -89.09 71012
477 34.50 -117.19 70924
478 40.86 -74.13 70868
479 44.08 -103.23 70812
480 41.06 -111.97 70790
481 40.42 -86.88 70373
482 37.49 -120.85 70365
483 40.19 -85.39 70316
484 31.10 -97.34 70190
485 29.62 -95.54 70185
486 34.06 -117.18 69999
487 35.69 -105.94 69976
488 26.14 -80.21 69813
489 37.43 -121.90 69783
490 42.11 -88.03 69350
491 46.88 -114.00 69122
492 34.92 -81.03 69103
493 34.75 -77.43 69079
494 35.93 -86.87 68886
495 35.20 -111.65 68667
496 33.01 -97.10 68609
497 26.10 -80.40 68388
498 42.49 -92.34 68366
499 40.70 -74.26 68247
500 40.91 -73.84 68224
501 26.64 -81.87 68190
502 31.22 -85.39 68001
503 38.59 -121.30 67911
504 33.85 -118.39 67815
505 35.61 -88.81 67685
506 46.24 -119.10 67599
507 38.79 -90.50 67569
508 44.81 -91.50 67545
509 32.83 -97.23 67317
510 46.81 -100.78 67034
511 33.89 -117.81 67032
512 29.99 -90.24 66975
513 37.91 -122.07 66900
514 39.41 -77.41 66893
515 44.02 -88.54 66778
516 38.03 -121.88 66695
517 37.44 -122.14 66642
518 32.52 -93.73 66333
519 43.66 -70.26 66318
520 45.56 -94.16 66297
521 38.54 -121.74 66205
522 37.65 -122.41 66174
523 34.22 -119.04 66086
524 34.77 -92.27 66075
525 42.81 -73.94 65902
526 39.14 -77.20 65690
527 26.19 -97.70 65665
528 44.92 -92.96 65656
529 44.80 -93.17 65453
530 39.14 -121.62 65416
531 45.07 -93.46 65415
532 41.10 -80.65 65184
533 42.03 -87.74 65176
534 28.29 -81.41 65173
535 36.31 -82.35 65123
536 28.81 -97.00 65098
537 33.43 -117.61 65040
538 40.67 -74.11 65028
539 33.52 -117.71 64652
540 40.77 -74.20 64544
541 39.02 -94.72 64323
542 25.47 -80.48 64079
543 39.08 -77.15 64072
544 26.46 -80.07 64072
545 42.68 -89.02 63820
546 35.09 -92.44 63816
547 33.98 -118.10 63771
548 41.45 -82.18 63710
549 34.02 -118.11 63495
550 38.13 -121.27 63338
551 29.70 -98.12 63279
552 48.05 -122.18 63269
553 26.21 -80.25 63155
554 36.96 -120.06 63105
555 30.31 -95.46 63032
556 36.97 -122.03 62864
557 44.85 -93.47 62603
558 41.14 -104.82 62448
559 29.21 -81.02 62316
560 34.08 -84.29 62298
561 39.40 -84.56 62258
562 42.38 -71.24 62227
563 45.17 -93.30 62103
564 42.78 -71.08 62088
565 41.26 -95.86 61969
566 42.24 -83.27 61817
567 43.10 -75.23 61808
568 42.03 -93.62 61792
569 33.93 -117.95 61653
570 33.04 -117.29 61588
571 36.97 -86.48 61488
572 44.77 -93.28 61434
573 34.85 -82.39 61397
574 41.58 -93.71 61255
575 30.51 -97.82 61238
576 36.21 -119.35 61170
577 34.06 -118.12 61085
578 39.49 -75.03 61050
579 39.47 -87.41 61025
580 25.89 -80.19 61007
581 32.56 -97.14 60872
582 43.02 -88.01 60697
583 41.67 -72.95 60568
584 40.67 -111.94 60519
585 42.43 -71.07 60509
586 41.54 -72.81 60456
587 45.16 -93.23 60407
588 26.66 -80.27 60202
589 37.32 -122.03 60189
590 44.05 -123.02 60177
591 36.33 -94.12 60112
592 42.50 -82.90 60070
593 33.89 -118.31 59957
594 42.64 -83.29 59887
595 32.68 -117.10 59834
596 39.06 -108.55 59778
597 38.79 -121.24 59738
598 35.91 -79.06 59635
599 42.87 -106.31 59628
600 39.92 -105.09 59471
601 38.23 -122.64 59440
602 40.56 -111.93 59366
603 39.92 -83.81 59357
604 47.49 -111.28 59351
605 40.04 -76.31 59325
606 27.04 -82.24 59212
607 47.17 -122.52 59097
608 33.95 -84.55 59089
609 37.97 -122.53 58994
610 42.49 -83.14 58946
611 42.03 -87.88 58918
612 33.98 -118.23 58879
613 32.77 -117.02 58642
614 41.63 -87.85 58590
615 32.61 -85.48 58582
616 44.65 -93.24 58562
617 37.77 -87.11 58416
618 35.34 -97.49 58414
619 26.93 -80.09 58298
620 43.49 -112.03 58292
621 42.50 -90.66 58253
622 35.20 -89.87 58226
623 32.90 -96.56 58043
624 42.48 -83.48 57960
625 41.03 -73.76 57866
626 34.14 -118.04 57639
627 47.67 -122.12 57530
628 33.67 -117.33 57525
629 29.19 -82.14 57468
630 41.57 -87.79 57282
631 29.14 -81.00 57203
632 42.42 -71.11 57170
633 41.72 -87.75 57073
634 35.94 -77.79 56954
635 40.49 -86.13 56895
636 26.25 -80.18 56792
637 39.01 -76.78 56759
638 41.85 -87.79 56758
639 35.45 -97.40 56756
640 33.71 -117.95 56707
641 33.37 -112.58 56683
642 42.34 -83.27 56620
643 38.68 -121.77 56590
644 40.05 -86.01 56540
645 30.83 -83.28 56481
646 34.03 -117.81 56449
647 39.18 -96.57 56143
648 32.84 -116.97 56105
649 41.90 -71.09 56069
650 28.80 -81.27 56002
651 39.69 -84.17 55870
652 40.49 -74.45 55831
653 34.61 -86.98 55816
654 42.15 -72.61 55717
655 40.11 -85.68 55670
656 26.24 -80.21 55456
657 42.22 -70.94 55419
658 40.71 -73.62 55361
659 44.56 -123.26 55298
660 33.95 -117.58 55191
661 36.07 -119.02 55174
662 41.27 -72.95 55046
663 37.93 -121.70 55000
664 33.89 -118.16 54980
665 47.93 -97.03 54932
666 30.63 -97.68 54898
667 38.79 -90.63 54842
668 47.76 -122.34 54790
669 42.07 -87.94 54771
670 36.33 -119.65 54686
671 40.51 -88.99 54664
672 34.08 -118.07 54561
673 40.39 -111.85 54382
674 42.87 -112.45 54350
675 34.13 -117.21 54291
676 38.11 -122.57 54194
677 29.88 -93.94 54135
678 39.16 -119.77 54080
679 29.88 -97.94 54076
680 36.30 -86.62 54068
681 41.37 -82.11 53956
682 42.41 -71.01 53756
683 30.44 -97.62 53752
684 39.61 -86.11 53665
685 41.15 -95.91 53663
686 41.87 -88.11 53648
687 33.88 -84.51 53438
688 27.34 -82.53 53326
689 39.02 -94.28 53294
690 34.07 -117.31 53243
691 32.84 -97.08 53224
692 39.37 -104.86 53063
693 33.78 -116.47 52977
694 36.55 -82.56 52962
695 34.48 -114.32 52844
696 30.42 -87.22 52703
697 40.74 -74.03 52575
698 34.03 -117.04 52536
699 36.91 -121.76 52477
700 46.29 -119.28 52413
701 35.77 -119.25 52403
702 42.06 -88.12 52398
703 38.79 -90.32 52363
704 33.87 -117.87 52206
705 40.79 -74.01 52122
706 37.70 -121.94 52105
707 41.89 -87.78 52066
708 42.53 -70.93 52044
709 40.51 -74.27 51982
710 42.32 -85.18 51848
711 27.50 -82.57 51763
712 37.01 -121.57 51701
713 41.23 -73.06 51644
714 44.64 -123.11 51583
715 41.73 -93.60 51567
716 43.80 -91.24 51522
717 36.10 -79.44 51510
718 32.59 -96.86 51483
719 38.45 -78.87 51395
720 44.92 -93.47 51368
721 41.68 -85.98 51265
722 41.48 -81.80 51143
723 34.14 -117.87 51074
724 34.99 -90.01 50997
725 38.35 -81.63 50821
726 37.08 -94.51 50789
727 36.40 -97.88 50725
728 26.82 -80.14 50699
729 33.87 -84.34 50603
730 40.63 -74.41 50588
731 40.93 -98.34 50550
732 33.72 -116.37 50508
733 35.41 -80.84 50458
734 45.43 -122.77 50444
735 38.95 -94.73 50344
736 43.42 -83.95 50303
737 42.87 -85.64 50233
738 25.82 -80.36 50213
739 44.73 -93.22 50201
740 32.93 -97.08 50195
741 33.57 -117.73 50175
742 47.62 -122.04 50169
743 32.88 -111.76 50111
744 27.84 -82.70 49998
745 42.73 -73.69 49974
746 38.58 -121.53 49891
747 47.47 -122.35 49858
748 39.81 -104.93 49799
749 32.51 -92.12 49761
750 33.86 -118.06 49707
751 41.81 -88.01 49670
752 25.72 -80.27 49631
753 35.72 -77.92 49628
754 43.10 -79.04 49468
755 32.96 -117.04 49417
756 44.89 -93.35 49376
757 41.13 -81.48 49267
758 33.64 -117.60 49228
759 40.27 -76.89 49188
760 38.42 -82.45 49177
761 33.92 -118.01 49133
762 33.82 -118.04 49087
763 43.66 -116.69 48957
764 41.74 -111.83 48913
765 29.30 -94.80 48733
766 43.75 -87.71 48725
767 39.52 -84.40 48630
768 40.67 -111.89 48612
769 33.39 -104.52 48611
770 39.52 -104.76 48608
771 32.84 -97.14 48592
772 42.74 -84.48 48554
773 42.73 -71.19 48514
774 34.09 -117.89 48508
775 31.31 -92.45 48426
776 47.04 -122.90 48338
777 41.59 -81.53 48139
778 41.66 -86.16 47989
779 38.84 -97.61 47846
780 34.13 -117.91 47842
781 40.06 -82.40 47777
782 38.66 -90.58 47749
783 39.12 -77.56 47673
784 33.95 -84.33 47591
785 31.33 -89.29 47556
786 42.50 -82.94 47555
787 26.34 -81.78 47547
788 42.20 -85.58 47523
789 44.96 -93.37 47411
790 35.04 -89.66 47333
791 41.56 -72.65 47333
792 36.12 -97.06 47186
793 41.81 -71.37 47149
794 39.84 -86.03 47135
795 43.05 -88.01 47134
796 41.67 -81.34 46979
797 37.59 -120.96 46714
798 32.59 -96.96 46663
799 40.76 -82.52 46454
800 42.10 -75.92 46444
801 47.68 -116.78 46402
802 35.28 -120.66 46377
803 48.23 -101.29 46321
804 33.83 -116.55 46281
805 34.23 -92.00 46094
806 29.38 -94.90 46081
807 33.02 -80.18 46074
808 42.56 -114.46 45981
809 38.28 -85.74 45929
810 33.78 -116.96 45851
811 34.70 -86.75 45799
812 40.52 -78.39 45796
813 39.20 -85.92 45775
814 39.71 -84.06 45712
815 28.69 -81.53 45587
816 41.90 -87.94 45556
817 33.06 -112.05 45508
818 36.73 -108.22 45426
819 42.07 -87.79 45417
820 41.52 -81.56 45394
821 40.52 -111.86 45285
822 38.89 -121.29 45237
823 31.55 -110.28 45129
824 47.03 -122.82 44919
825 30.40 -88.89 44820
826 41.31 -81.84 44730
827 41.70 -70.30 44641
828 33.02 -96.54 44575
829 40.46 -74.36 44412
830 35.49 -80.62 44359
831 38.03 -78.48 44349
832 39.61 -105.02 44275
833 28.61 -80.81 44206
834 40.89 -74.04 44113
835 37.53 -122.04 44096
836 42.45 -73.25 44057
837 39.96 -76.73 43935
838 41.88 -88.01 43907
839 41.94 -71.29 43886
840 41.93 -88.75 43849
841 37.23 -80.41 43609
842 40.10 -83.11 43607
843 32.80 -97.27 43580
844 34.64 -120.46 43509
845 32.79 -115.56 43363
846 37.82 -122.00 43341
847 38.58 -92.17 43330
848 25.58 -80.35 43328
849 26.17 -80.13 43286
850 25.93 -80.16 43250
851 40.66 -73.58 43167
852 41.51 -90.52 43116
853 33.68 -116.17 43092
854 27.45 -80.33 43074
855 35.98 -86.52 43060
856 40.89 -111.88 43023
857 43.77 -88.45 42970
858 42.41 -71.05 42935
859 36.59 -79.40 42907
860 32.93 -97.23 42907
861 38.52 -89.98 42895
862 33.97 -118.15 42889
863 35.16 -84.88 42774
864 26.22 -80.23 42757
865 39.35 -84.56 42635
866 42.52 -70.90 42544
867 33.74 -118.39 42448
868 37.63 -122.41 42443
869 43.21 -71.54 42419
870 44.48 -73.21 42284
871 35.73 -78.85 42214
872 43.62 -84.25 42181
873 28.66 -81.37 42150
874 38.06 -97.93 41889
875 42.17 -87.96 41778
876 41.63 -93.71 41776
877 40.79 -77.86 41757
878 40.11 -88.21 41752
879 41.63 -88.21 41734
880 38.75 -77.48 41705
881 42.00 -88.19 41679
882 40.77 -74.15 41664
883 32.39 -110.97 41627
884 41.04 -83.65 41512
885 38.34 -122.70 41398
886 40.62 -74.24 41301
887 42.13 -72.75 41301
888 33.92 -80.34 41190
889 41.25 -75.88 41108
890 42.00 -71.51 41026
891 42.53 -71.76 41002
892 41.32 -73.09 40999
893 33.92 -117.90 40963
894 39.08 -84.51 40956
895 32.93 -96.46 40922
896 32.36 -88.70 40921
897 40.52 -111.94 40921
898 28.25 -81.28 40918
899 39.94 -91.41 40915
900 37.13 -121.65 40836
901 41.24 -80.82 40768
902 47.81 -122.38 40727
903 32.54 -97.32 40714
904 42.56 -70.88 40664
905 44.16 -94.00 40641
906 39.64 -77.72 40612
907 34.54 -112.47 40590
908 37.29 -121.95 40584
909 42.53 -92.45 40566
910 33.93 -116.98 40481
911 34.02 -117.95 40435
912 42.24 -88.32 40388
913 42.58 -71.80 40383
914 41.91 -88.13 40379
915 35.73 -81.34 40361
916 42.03 -88.18 40351
917 41.52 -72.08 40347
918 32.95 -97.02 40342
919 34.10 -118.11 40275
920 42.20 -72.62 40249
921 36.37 -94.21 40167
922 34.80 -87.68 40059
923 33.97 -84.22 40059
924 36.03 -86.78 40021
925 45.68 -111.04 39860
926 42.98 -88.11 39834
927 32.98 -80.03 39823
928 30.72 -95.55 39795
929 34.61 -112.32 39791
930 44.95 -93.00 39765
931 41.65 -88.09 39650
932 32.65 -96.91 39605
933 39.36 -74.42 39551
934 34.40 -103.21 39508
935 33.08 -96.89 39458
936 34.02 -118.40 39428
937 42.35 -71.55 39414
938 32.22 -80.75 39412
939 46.87 -96.77 39398
940 32.68 -115.50 39389
941 35.14 -114.53 39383
942 35.09 -89.81 39375
943 33.66 -116.31 39331
944 39.71 -82.60 39325
945 44.96 -89.63 39309
946 33.64 -96.61 39296
947 28.57 -81.54 39172
948 44.80 -93.53 39167
949 42.48 -71.15 39083
950 47.57 -122.63 39056
951 41.51 -90.58 38877
952 35.75 -95.37 38863
953 37.31 -89.52 38816
954 38.98 -76.49 38722
955 26.63 -80.14 38696
956 29.29 -81.06 38661
957 25.98 -80.15 38632
958 33.80 -117.99 38623
959 47.19 -122.29 38609
960 37.61 -122.49 38606
961 42.00 -88.15 38510
962 32.82 -97.17 38448
963 40.74 -84.11 38355
964 32.44 -111.22 38290
965 42.12 -88.26 38241
966 38.00 -121.71 38194
967 39.84 -84.12 38142
968 32.59 -96.76 38071
969 34.08 -117.69 38027
970 42.14 -87.93 38015
971 43.06 -88.11 37999
972 42.01 -87.84 37839
973 34.20 -79.76 37792
974 41.16 -112.03 37733
975 28.57 -81.59 37711
976 42.39 -71.03 37670
977 40.66 -73.71 37659
978 34.95 -81.93 37647
979 45.42 -122.67 37610
980 29.53 -95.20 37587
981 40.13 -82.93 37530
982 39.90 -104.98 37499
983 32.47 -85.00 37498
984 39.88 -83.09 37490
985 33.43 -94.05 37442
986 41.93 -87.99 37385
987 39.16 -75.52 37366
988 42.25 -83.18 37313
989 41.62 -87.53 37240
990 43.23 -86.25 37213
991 25.96 -80.14 37199
992 38.02 -122.13 37165
993 42.96 -88.01 37159
994 33.42 -111.55 37130
995 34.14 -118.00 37101
996 26.16 -97.99 37093
997 44.99 -123.03 37064
998 40.11 -111.65 36956
999 42.51 -89.03 36888
1000 30.16 -85.66 36877
